35,81
35,2
35,0
37,9
36,6
36,7
37,8
37,10
42,35
3,2
10,158
10,286
10,74
10,24
10,144
10,204
10,182
10,2
10,3
11,16
11,6
9,2
9,3
8,5
8,14
8,10
8,12
8,17
8,2
8,3
2,2
2,1
2,3
37,7
37,5
37,4
37,3
37,1
36,4
36,3
36,1
35,82
35,77
35,7
35,6
35,5
35,4
35,3
35,1
33,5
33,3
33,1
32,4
32,3
32,1
31,3
31,1
30,5
30,4
30,3
30,1
29,3
29,1
27,5
27,4
27,3
27,1
26,4
26,3
26,1
20,3
20,2
20,1
19,3
19,2
19,1
18,3
18,1
14,5
14,4
14,3
14,1
13,3
13,1
12,3
12,2
12,1
11,30
11,29
11,28
11,27
11,26
11,25
11,24
11,23
11,22
11,21
11,19
11,15
11,14
11,12
11,11
11,9
11,8
11,4
11,3
11,2
11,1
10,317
10,316
10,315
10,314
10,313
10,312
10,311
10,310
10,309
10,308
